#mikroskopa palielinâjuma noteikðana
"beta_teor"	"n"	"m"	"beta"
37	100	44	44
100	60	63	105
400	15	58	386.666666666667
1000	6	61	1016.66666666667
d=1mm
d_0=0.01mm

#mikroskopa okulâra graduçðana
"n1"	"l"	"m1"	"alpha"
2	3.7	4	0.160869565217391
2	10	4	0.158730158730159
2	12	4	0.171428571428571
2	15	4	0.15625

#mikroskopa okulâra palielinâjuma noteikðana
d0=1mm
n2=20
m2<-22
beta_ok=5.617929

#mata diametra noteikðana
m=4
AB=0.09mm